0 4 
1 7 
2 13 
3 11 
4 7 
5 7 
6 7 
7 6 
8 13 
9 8 
10 7 
11 3 
12 8 
13 7 
14 10 
15 7 
16 9 
17 7 
18 9 
19 9
20 12 
21 8 
22 4 
23 6 
24 10 
25 7 
26 4 
27 5 
28 7 
29 5
30 8 
31 13
32 12
33 9 
34 1 
35 14 
36 5 
37 1 
38 10 
39 9 
40 8 
41 5 
42 13 
43 11 
44 18
45 8 
46 8 
47 6 
48 8 
49 10 
50 5 
51 0 
0 3 
0 3 
0 3 
0 3 
0 3 
0 3 
0 3 
0 3 
0 3 
0 3 
0 3 
0 3 
0 3 
0 3 
0 3 
0 3 
0 3 
0 3 
0 3 
0 3 
0 3 
0 3 
0 3 
0 3 
0 3 
0 3 
0 3 
1 4 
3 6 
3 6 
3 6 
3 6 
3 6 
3 6 
3 6 
3 6 
3 6 
4 7 
6 7 
6 7 
7 7 
7 7 
7 7 
7 7 
7 7 
7 7 
7 7 
7 7 
7 7 
